1  1152921504606847.0
2  1152921504606847.0
3  209146758205323.72
4  209146758205323.72
5  209146758205323.72
6  209146758205323.72
7  209146758205323.72
8  209146758205323.72
9  209146758205323.72
10  209146758205323.72
11  209146758205323.72
12  209146758205323.72
13  209146758205323.72
14  209146758205323.72
15  209146758205323.72
16  209146758205323.72
17  209146758205323.72
18  209146758205323.72
19  209146758205323.72
20  209146758205323.72
21  209146758205323.72
22  209146758205323.72
23  209146758205323.72
24  209146758205323.72
25  209146758205323.72
26  209146758205323.72
27  209146758205323.72
28  192153584101141.16
29  192153584101141.16
30  192153584101141.16
31  192153584101141.16
32  24019198012642.645
33  720000.0
34  94451.2
35  50400.0
36  36978.9
37  36000.0
